cpu  371569 70421 342711 39660594 23304 0 19646 0 0 0
cpu0 94768 15317 87632 9890650 14025 0 19607 0 0 0
cpu1 92180 6489 86278 9933852 3233 0 11 0 0 0
cpu2 93749 19132 85917 9920595 2771 0 12 0 0 0
cpu3 90872 29483 82884 9915497 3275 0 16 0 0 0
intr 50722203 0 0 0 0 0 0 0 0 0 0 0 0 0 0 0 0 45332079 0 0 534 0 0 0 0 0 2347113 0 0 0 0 0 0 0 0 0 0 0 0 0 0 0 0 0 0 0 0 0 0 0 0 0 0 0 0 0 0 0 0 0 0 0 0 0 0 0 0 0 0 0 0 0 0 0 0 0 0 0 0 0 0 0 0 0 0 0 0 0 0 0 0 0 0 0 0 0 0 0 0 0 0 0 0 0
ctxt 39220113
btime 1452954785
processes 904649
procs_running 2
procs_blocked 0
softirq 108313225 0 40488244 4 2450241 0 0 89676 33072501 606 32211953
